47926298542363
47926332096795
47926348874011
47926365651227
47926382428443
47363691381019
47363557163291
47911366843163
47911383620379
47960339513627
47960691835419
47960373068059
47960775721499
47960389845275
47960792498715
47960406622491
47960809275931
47960423399707
47960708612635
47960440176923
47960826053147
47960456954139
47960842830363
47960473731355
47960859607579
47960490508571
47960725389851
47960507285787
47960876384795
47960524063003
47960893162011
47960540840219
47960909939227
47960557617435
47960742167067
47960574394651
47960926716443
47960591171867
47960943493659
47960607949083
47960960270875

