47898968480539
47899002034971
47899018812187
47899052366619
47899069143835
47899102698267
47899119475483
47899153029915
47898750376731
47898733599515
47898716822299
47898700045083
47898683267867
47898666490651
47898649713435
47898632936219
47898616159003
47898599381787
47898582604571
47898565827355
47898549050139
47898532272923
47898515495707
47898498718491
47898481941275
47898465164059
47898448386843
47898431609627
47898414832411
47898398055195
47898381277979
47898364500763
47898347723547
47898330946331
47898314169115
47898297391899
47898280614683
47898263837467
47898247060251
47898230283035
47898213505819
47898196728603
47898179951387
47898163174171
47898146396955
47898129619739
47898112842523
47898096065307
47898079288091
47898062510875
47898045733659
47898028956443
47898012179227
47897995402011
47897978624795
47897961847579
