47897559194395
47897575971611
47897592748827
47897609526043
47897626303259
47897659857691
47897676634907
47897693412123
47897710189339
47897726966555
47897743743771
47897861184283
47897894738715
47897911515931
47897928293147
47897945070363
47897760520987
47897794075419
47897810852635
47897827629851
47897844407067
47899773786907
47899790564123
47899807341339
47899824118555
47899840895771
47899857672987
47899874450203
47899891227419
47899908004635
47910964189979
47943277084955
47910997744411
47943293862171
47910980967195
47911064853275
47911081630491
47926298542363
47926332096795
47911031298843
47911048076059

