47950944290843
47950961068059
47950977845275
47950994622491
47951011399707
47951028176923
47951044954139
47951061731355
47951078508571
47951095285787
47951112063003
47951128840219
47951145617435
47951162394651
47951179171867
47951195949083
47951229503515
47951246280731
47951263057947
47951279835163
47951296612379
47951313389595
47951330166811
47951346944027
47951363721243
47951380498459
47951397275675
47951414052891
47951430830107
47951447607323
47951464384539
47951481161755
47951514716187
47951531493403
47951548270619
47951565047835
47951581825051
47951598602267
47951615379483
47951632156699
47951648933915
47951665711131
47951682488347
47951699265563
47951716042779
47951732819995
47951749597211
47951766374427
47951799928859
47951816706075
47951833483291
47951850260507
47951867037723
47951883814939
47951900592155
47951917369371
47951934146587
47951950923803
47951967701019
47951984478235
47952001255451
47952018032667
47952034809883
47952051587099
47952085141531
47952101918747
47952118695963
47952135473179
47952152250395
47952169027611
47952185804827
47952202582043
47952219359259
47952236136475
47952252913691
47952269690907
47952286468123
47952303245339
47952320022555
47952336799771
47952370354203
47952387131419
47952403908635
47952420685851
47952437463067
47952454240283
47952471017499
47952487794715
47952504571931
47952521349147
47952538126363
47952554903579
47952571680795
47952588458011
47952605235227
47952622012443
