47897559194395
47897575971611
47897592748827
47897609526043
47897626303259
47897643080475
47897659857691
47897676634907
47897693412123
47897710189339
47897726966555
47897743743771
47897760520987
47897777298203
47897794075419
47897810852635
47897827629851
47897844407067
47897861184283
47897877961499
47897894738715
47897911515931
47897928293147
47897945070363
47897961847579
47897978624795
47897995402011
47898012179227
47898028956443
47898045733659
47898062510875
47898079288091
47898096065307
47898112842523
47898129619739
47898146396955
47898163174171
47898179951387
47898196728603
47898213505819
47898230283035
47898247060251
47898263837467
47898280614683
47898297391899
47898314169115
47898330946331
47898347723547
47898364500763
47898381277979
47898398055195
47898414832411
47898431609627
47898448386843
47898465164059
47898481941275
47898498718491
47898515495707
47898532272923
47898549050139
47898565827355
47898582604571
47898599381787
47898616159003
47898632936219
47898649713435
47898666490651
47898683267867
47898700045083
47898716822299
47898733599515
47898750376731
47898767153947
47898783931163
47898800708379
47898817485595
47898834262811
47898851040027
47898867817243
47898884594459
47898901371675
47898918148891
47898934926107
47898951703323
47898968480539
47898985257755
47899002034971
47899018812187
47899035589403
47899052366619
47899069143835
47899085921051
47899102698267
47899119475483
47899136252699
47899153029915
47899169807131
47899186584347
47899203361563
47899220138779
47899236915995
47899253693211
47899270470427
47899287247643
47899304024859
47899320802075
47899337579291
47899354356507
47899371133723
47899387910939
47899404688155
47899421465371
47899438242587
47899455019803
47899471797019
47899488574235
47899505351451
47899522128667
47899538905883
47899555683099
47899572460315
47899589237531
47899606014747
47899622791963
47899639569179
47899656346395
47899673123611
47899689900827
47899706678043
47899723455259
47899740232475
47899757009691
47899773786907
47899790564123
47899807341339
47899824118555
47899840895771
47899857672987
47899874450203
47899891227419
47899908004635
47899924781851
47899941559067
47899958336283
47899975113499
47899991890715
47900008667931
47900025445147
47900042222363
47900058999579
47900075776795
47900092554011
47900109331227
47900126108443
47900142885659
47900159662875
47900176440091
47900193217307
47900209994523
47900226771739
47900243548955
47900260326171
47900277103387
47900293880603
47900310657819
47900327435035
47900344212251
47900360989467
47900377766683
47900394543899
47900411321115
47900428098331
47900444875547
47900461652763
47900478429979
47900495207195
47900511984411
47900528761627
47900545538843
47900562316059
47900579093275
47900595870491
47900612647707
47900629424923
47900646202139
47900662979355
47900679756571
47900696533787
47900713311003
47900730088219
47900746865435
47900763642651
