47898968480539
47899002034971
47899018812187
47899052366619
47897961847579
47897978624795
47897995402011
47898012179227
47899069143835
47899102698267
47899119475483
47899153029915
47898364500763
47898448386843
47898582604571
47898649713435
47899975113499
47899991890715
47900008667931
47900025445147
47900042222363
47900058999579
47900075776795
47900092554011
47900109331227
47900444875547
47900461652763
47900478429979
47900495207195
47900377766683
47900394543899
47900411321115
47900428098331
47900310657819
47900327435035
47900344212251
47900360989467
47900243548955
47900260326171
47900277103387
47900293880603
47900176440091
47900193217307
47900209994523
47900226771739
47899169807131
47899186584347
47899203361563
47899220138779
47899236915995
47899253693211
47899270470427
47899287247643
47899304024859
47899639569179
47899656346395
47899673123611
47899689900827
47899572460315
47899589237531
47899606014747
47899622791963
47899505351451
47899522128667
47899538905883
47899555683099
47899438242587
47899455019803
47899471797019
47899488574235
47899371133723
47899387910939
47899404688155
47899421465371
47900579093275
47900595870491
47900612647707
47900629424923
47900646202139
47900662979355

